512676
474686
547129
688510
239479
566510
417041
814172
548044
520254
596908
607784
600589
537183
548719
616453
448643
693693
443253
217887
524363
284980
585690
590380
697785
566436
709115
413743
582556
408136
510720
808578
507512
609527
589762
720409
666592
457627
615559
285452
549114
250084
739039
611600
600455
566212
612859
513516
623623
596965
288516
481613
478299
598922
572848
540026
513651
549949
478392
483388
514098
549306
484540
666138
225495
528207 
572692
552938
669279
597399
729105
249637
566019
588287
792326
566485
575560
562209
486688
538961
518879
792054
548909
522370
546775
578718
596884
517411
795766
585812
779935
697782
490576
625107
586530
538210
622506
585331
546739
809244
511158
672230
537649
487443
980990
573157
548978
381053
606644
600484
578642
587385
693620
687265
604290
396620
520605
490449
528033
672142
711565
752415
450836
258490
529338
548195
248491
472060
703481
599812
622362
626103
612704
571771
488573
567959
257802
541963
597645
520052
172365
597395
497010
697604
578814
247313
513609
523934
502087
550589
559210
611143
797614
595971
435855
583001
558140
556276
579666
482966
570832
591184
620303
511429
521467
488704
797939
552761
613935
542273
600100
602744
600993
489435
583386
509419
507361
472883
666721
224896
600104
720860
320755
443462
746705
606803
601462
496860
713150
500581
519366
691733
602396
624460
481786
586799
676362
585173
522037
433183
562548
390294
247095
171573
623202
578708
213408
448437
679849
455278
593057
495788
551719
174473
742587
628187
434925
592986
592986
492454
374906
573044
672302
469584
511298
621974
367875
511606
491334
481679
474674
608038
543327
618432
512724
603167
779567
463383
586382
600608
596777
623350
301076
586413
382152
496167
751665
549556
672150
718250
217684
601325
743089
615211
529551
579749
573635
503402
750038
433739
572852
519940
388883
692297
527453
523555
491344
247059
514121
597141
548460
531346
450559
737063
733270
543049
488032
796092
626895
477807
537780
536506
489335
493407
618643
797323
182907
270540
518446
472177
403383
737822
552334
493544
499361
588466
507544
483479
605510
678749
619316
627373
173100
286068
213646
503354
475124
299349
510641
491201
487451
508102
549079
610673
552935
560352
518098
519989
510925
593027
606042
575776
510893
552949
586414
610352
510617
573103
485518
612071
745189
409580
575313
628684
605638
511819
608076
631422
696995
747705
539732
507788
719471
604899
599485
741337
213093
446152
618570
513425
470888
593270
628437
618738